05/01/2013	2163	27	5	1	2013	9.083333333	-97.8
15/01/2013	2123	4	15	1	2013	23.53333333	-113.25
07/04/2013	2118	7	7	4	2013	23.85	-107.9166667
10/04/2013	2119	2	10	4	2013	23.93333333	-107.8666667
10/04/2013	2120	2	10	4	2013	7.533333333	-96.81666667
11/04/2013	2118	6	11	4	2013	22.85	-112.1666667
12/04/2013	2120	5	12	4	2013	7.916666667	-96.41666667
13/04/2013	2118	9	13	4	2013	22.83333333	-112.0166667
13/04/2013	2119	6	13	4	2013	23.45	-112.6
13/04/2013	2122	3	13	4	2013	23.46666667	-112.6166667
14/04/2013	2120	8	14	4	2013	8.116666667	-97.26666667
14/04/2013	2122	8	14	4	2013	23.53333333	-112.5
14/04/2013	2123	1	14	4	2013	23.56666667	-112.9666667
14/04/2013	2124	2	14	4	2013	17.73333333	-103.8
15/04/2013	2118	11	15	4	2013	23.78333333	-112.3833333
15/04/2013	2119	8	15	4	2013	23	-112.2166667
15/04/2013	2120	11	15	4	2013	7.9	-97.18333333
15/04/2013	2121	4	15	4	2013	14.45	-106.7833333
16/04/2013	2122	11	16	4	2013	24.1	-112.45
17/04/2013	2124	5	17	4	2013	16.95	-103.4666667
18/04/2013	2120	14	18	4	2013	9.3	-97.41666667
19/04/2013	2123	9	19	4	2013	16.46666667	-104.1166667
19/04/2013	2124	8	19	4	2013	17.23333333	-102.6833333
20/04/2013	2120	17	20	4	2013	8.716666667	-97.48333333
20/04/2013	2121	10	20	4	2013	17.1	-102.65
21/04/2013	2122	14	21	4	2013	23.75	-113.1833333
21/04/2013	2124	11	21	4	2013	15.83333333	-103.8166667
22/04/2013	2120	20	22	4	2013	8.5	-97.88333333
23/04/2013	2122	17	23	4	2013	19.65	-113.8166667
23/04/2013	2123	16	23	4	2013	16.35	-105.1833333
23/04/2013	2124	14	23	4	2013	13.23333333	-101.3166667
23/04/2013	2126	2	23	4	2013	20.55	-114.3166667
24/04/2013	2126	4	24	4	2013	20.46666667	-113.95
25/04/2013	2120	23	25	4	2013	12.76666667	-100.4
25/04/2013	2123	22	25	4	2013	16.28333333	-105
26/04/2013	2122	23	26	4	2013	19.88333333	-114.65
26/04/2013	2124	17	26	4	2013	15.25	-101.9166667
26/04/2013	2126	6	26	4	2013	20.68333333	-114.1
26/04/2013	2127	2	26	4	2013	14.61666667	-103.4666667
27/04/2013	2121	17	27	4	2013	15.75	-105.85
27/04/2013	2122	26	27	4	2013	19.06666667	-115.3
27/04/2013	2123	25	27	4	2013	16.56666667	-105.2166667
27/04/2013	2123	26	27	4	2013	16.51666667	-104.95
27/04/2013	2125	2	27	4	2013	20.83333333	-112.3666667
28/04/2013	2120	26	28	4	2013	16.61666667	-110.45
28/04/2013	2124	20	28	4	2013	15.68333333	-108.2166667
28/04/2013	2127	5	28	4	2013	15.33333333	-106.65
28/04/2013	2127	8	28	4	2013	14.5	-108.15
29/04/2013	2121	21	29	4	2013	16.93333333	-104.05
29/04/2013	2123	31	29	4	2013	17.1	-107.8
29/04/2013	2125	5	29	4	2013	18.58333333	-114.3833333
30/04/2013	2120	29	30	4	2013	17.95	-113.9833333
30/04/2013	2124	23	30	4	2013	14.78333333	-109.8333333
30/04/2013	2125	8	30	4	2013	18.15	-114.6
30/04/2013	2127	11	30	4	2013	14.26666667	-109.5833333
30/04/2013	2172	5	30	4	2013	20.86666667	-107.3166667
01/05/2013	2120	32	1	5	2013	18.88333333	-114.6333333
01/05/2013	2122	32	1	5	2013	17.16666667	-117.4666667
01/05/2013	2123	34	1	5	2013	15.38333333	-107.6833333
02/05/2013	2120	35	2	5	2013	18.61666667	-114.35
02/05/2013	2124	26	2	5	2013	13.33333333	-110.4666667
02/05/2013	2125	11	2	5	2013	18.66666667	-113.45
02/05/2013	2127	14	2	5	2013	12.56666667	-109.6333333
02/05/2013	2128	3	2	5	2013	13.98333333	-115.8
02/05/2013	2129	2	2	5	2013	19.4	-109.2333333
03/05/2013	2128	6	3	5	2013	14.45	-118.1333333
03/05/2013	2129	5	3	5	2013	23.78333333	-107.6
04/05/2013	2120	39	4	5	2013	18.4	-114
04/05/2013	2123	38	4	5	2013	16.01666667	-111.9666667
04/05/2013	2128	8	4	5	2013	14.46666667	-118.1833333
04/05/2013	2129	8	4	5	2013	19.28333333	-108.8333333
04/05/2013	2132	2	4	5	2013	17.05	-107.1
05/05/2013	2123	39	5	5	2013	17.25	-113.85
05/05/2013	2124	29	5	5	2013	14.43333333	-113.5
05/05/2013	2125	17	5	5	2013	19.8	-113.3
05/05/2013	2131	2	5	5	2013	15.43333333	-108.6
06/05/2013	2120	41	6	5	2013	19.13333333	-114.4666667
06/05/2013	2123	41	6	5	2013	17.95	-114.4833333
06/05/2013	2125	20	6	5	2013	20.26666667	-113.4166667
06/05/2013	2126	18	6	5	2013	17.33333333	-117.1
06/05/2013	2127	17	6	5	2013	14.51666667	-117.3166667
06/05/2013	2128	11	6	5	2013	14.83333333	-120.7666667
06/05/2013	2129	11	6	5	2013	18.08333333	-112.5166667
06/05/2013	2131	5	6	5	2013	14.86666667	-110
07/05/2013	2122	38	7	5	2013	16.46666667	-117.0833333
07/05/2013	2129	14	7	5	2013	19.25	-115.1166667
07/05/2013	2130	8	7	5	2013	19.48333333	-115.6833333
08/05/2013	2121	45	8	5	2013	19.51666667	-114.3833333
08/05/2013	2123	44	8	5	2013	18.73333333	-114.7333333
08/05/2013	2124	32	8	5	2013	15.28333333	-115.6333333
08/05/2013	2130	11	8	5	2013	19.65	-115.35
09/05/2013	2122	41	9	5	2013	19.58333333	-116.85
09/05/2013	2128	15	9	5	2013	16.6	-121.3333333
11/05/2013	2127	20	11	5	2013	18.53333333	-115.2833333
11/05/2013	2128	18	11	5	2013	18.06666667	-118.1666667
11/05/2013	2130	17	11	5	2013	20.28333333	-115.4333333
12/05/2013	2120	48	12	5	2013	19.7	-115.7333333
12/05/2013	2121	32	12	5	2013	19.23333333	-107.6166667
12/05/2013	2123	47	12	5	2013	19.51666667	-113.7666667
12/05/2013	2131	8	12	5	2013	19.88333333	-114.9333333
12/05/2013	2133	2	12	5	2013	12.73333333	-110.4666667
13/05/2013	2121	35	13	5	2013	18.88333333	-107.8
13/05/2013	2126	22	13	5	2013	19.65	-110.0666667
13/05/2013	2128	20	13	5	2013	18.16666667	-118.5333333
13/05/2013	2129	26	13	5	2013	17.6	-114.25
13/05/2013	2130	20	13	5	2013	20.15	-115.15
13/05/2013	2131	11	13	5	2013	19.96666667	-114.5166667
13/05/2013	2134	5	13	5	2013	14.45	-101.8333333
13/05/2013	2134	11	13	5	2013	17.9	-118.9666667
14/05/2013	2120	51	14	5	2013	19.65	-114.9833333
14/05/2013	2123	53	14	5	2013	19.18333333	-113.55
14/05/2013	2126	24	14	5	2013	19.35	-109.0333333
14/05/2013	2127	23	14	5	2013	17.33333333	-110.4
14/05/2013	2128	23	14	5	2013	18.6	-118.9
14/05/2013	2130	23	14	5	2013	20.25	-114.9333333
15/05/2013	2120	54	15	5	2013	19.41666667	-114.6666667
15/05/2013	2129	29	15	5	2013	16.96666667	-118.8333333
15/05/2013	2132	8	15	5	2013	9.15	-115.4833333
15/05/2013	2133	5	15	5	2013	18.35	-115
16/05/2013	2120	57	16	5	2013	19.53333333	-114.9166667
16/05/2013	2121	44	16	5	2013	18.65	-107.2833333
16/05/2013	2126	26	16	5	2013	19.85	-108.8833333
16/05/2013	2128	27	16	5	2013	16.98333333	-120.8166667
16/05/2013	2130	29	16	5	2013	20.03333333	-114.85
17/05/2013	2122	56	17	5	2013	18.28333333	-108.3166667
17/05/2013	2128	29	17	5	2013	18.3	-120.4
18/05/2013	2126	28	18	5	2013	17.83333333	-108.35
18/05/2013	2127	28	18	5	2013	12.9	-110.0833333
18/05/2013	2129	32	18	5	2013	18.5	-119.1666667
18/05/2013	2131	22	18	5	2013	17.98333333	-110.8
18/05/2013	2132	11	18	5	2013	7.616666667	-115.65
19/05/2013	2120	60	19	5	2013	17.11666667	-109.5166667
19/05/2013	2123	59	19	5	2013	18.43333333	-109.0166667
19/05/2013	2130	35	19	5	2013	17.28333333	-108.6333333
19/05/2013	2131	23	19	5	2013	17.98333333	-109.6833333
20/05/2013	2130	38	20	5	2013	17.43333333	-109.0333333
20/05/2013	2137	2	20	5	2013	18.05	-108.6833333
21/05/2013	2127	31	21	5	2013	7.35	-116.9833333
21/05/2013	2131	26	21	5	2013	14.45	-109.2333333
21/05/2013	2133	9	21	5	2013	19.66666667	-118.75
21/05/2013	2137	5	21	5	2013	17.53333333	-109.0833333
22/05/2013	2128	32	22	5	2013	19.16666667	-119.0333333
22/05/2013	2129	38	22	5	2013	17.85	-118.7833333
22/05/2013	2130	44	22	5	2013	18.35	-110.8666667
23/05/2013	2122	68	23	5	2013	12.13333333	-110.8333333
23/05/2013	2123	66	23	5	2013	18.48333333	-109.85
23/05/2013	2127	34	23	5	2013	7.583333333	-118.1
23/05/2013	2128	35	23	5	2013	19.83333333	-119.3666667
23/05/2013	2130	47	23	5	2013	16.71666667	-108.7833333
23/05/2013	2131	29	23	5	2013	13	-109.8
23/05/2013	2132	17	23	5	2013	8.583333333	-115.6333333
23/05/2013	2134	14	23	5	2013	19.33333333	-117.2
24/05/2013	2120	65	24	5	2013	14.48333333	-109.25
24/05/2013	2122	71	24	5	2013	14	-109.5666667
24/05/2013	2127	37	24	5	2013	8.6	-118.9833333
24/05/2013	2129	41	24	5	2013	17.85	-118.6
24/05/2013	2132	20	24	5	2013	8.6	-116.7166667
24/05/2013	2137	8	24	5	2013	14.53333333	-112.9833333
25/05/2013	2120	68	25	5	2013	15.03333333	-108.9166667
25/05/2013	2123	72	25	5	2013	19.23333333	-109.5666667
25/05/2013	2126	32	25	5	2013	19.98333333	-113.5666667
25/05/2013	2132	23	25	5	2013	8.366666667	-117.35
26/05/2013	2122	74	26	5	2013	14.41666667	-108.3666667
26/05/2013	2127	40	26	5	2013	7.916666667	-121.2333333
26/05/2013	2130	50	26	5	2013	15.51666667	-106.0833333
26/05/2013	2131	32	26	5	2013	8.816666667	-116.8833333
27/05/2013	2120	71	27	5	2013	15.48333333	-107.8
27/05/2013	2123	79	27	5	2013	18.08333333	-110.2
27/05/2013	2128	39	27	5	2013	18.58333333	-119.7166667
27/05/2013	2130	53	27	5	2013	15.6	-106.35
27/05/2013	2131	35	27	5	2013	9.616666667	-116.85
27/05/2013	2137	11	27	5	2013	15.7	-109.7
28/05/2013	2123	81	28	5	2013	18.38333333	-109.05
28/05/2013	2130	56	28	5	2013	18.46666667	-106.65
29/05/2013	2127	43	29	5	2013	9.65	-118.1833333
29/05/2013	2129	44	29	5	2013	8.133333333	-121.5
29/05/2013	2132	26	29	5	2013	9.5	-117.3333333
30/05/2013	2126	34	30	5	2013	18.23333333	-106.65
30/05/2013	2130	59	30	5	2013	18.2	-105.9166667
30/05/2013	2133	11	30	5	2013	6.816666667	-120.5833333
30/05/2013	2137	14	30	5	2013	10.28333333	-119.5
31/05/2013	2127	46	31	5	2013	9.416666667	-118.3
31/05/2013	2128	41	31	5	2013	18.93333333	-109.7833333
31/05/2013	2130	62	31	5	2013	17.4	-105.6833333
31/05/2013	2131	38	31	5	2013	9.316666667	-118.6166667
31/05/2013	2134	17	31	5	2013	8.8	-119.7666667
31/05/2013	2136	2	31	5	2013	5.116666667	-125.0166667
31/05/2013	2137	16	31	5	2013	9.55	-120.1833333
01/06/2013	2123	85	1	6	2013	17.36666667	-106.3166667
01/06/2013	2127	49	1	6	2013	9.25	-118.85
01/06/2013	2129	47	1	6	2013	9.983333333	-120.1166667
01/06/2013	2131	41	1	6	2013	9.383333333	-118.8
01/06/2013	2137	19	1	6	2013	8.966666667	-120.4833333
02/06/2013	2128	45	2	6	2013	17.83333333	-108.6833333
02/06/2013	2128	47	2	6	2013	17.43333333	-108.6333333
02/06/2013	2129	50	2	6	2013	11.16666667	-120.1666667
02/06/2013	2137	22	2	6	2013	9.883333333	-120.8166667
03/06/2013	2123	90	3	6	2013	17.96666667	-108.8333333
03/06/2013	2126	36	3	6	2013	17.91666667	-105.2
03/06/2013	2127	52	3	6	2013	9.75	-118.7
03/06/2013	2131	44	3	6	2013	10.05	-117.85
03/06/2013	2134	20	3	6	2013	11.15	-121.1
03/06/2013	2137	23	3	6	2013	10.11666667	-120.6
04/06/2013	2128	50	4	6	2013	17.75	-108.1166667
04/06/2013	2129	53	4	6	2013	9.183333333	-119.95
04/06/2013	2133	14	4	6	2013	9.3	-132.4
04/06/2013	2137	25	4	6	2013	9.9	-120.35
05/06/2013	2123	93	5	6	2013	18.88333333	-108.7833333
05/06/2013	2127	55	5	6	2013	10.15	-116.95
05/06/2013	2131	47	5	6	2013	10.86666667	-116.95
05/06/2013	2133	17	5	6	2013	9.45	-132.6833333
05/06/2013	2136	5	5	6	2013	9.733333333	-133.2833333
05/06/2013	2137	28	5	6	2013	9.75	-118.0833333
06/06/2013	2126	38	6	6	2013	18.06666667	-106.5
07/06/2013	2127	58	7	6	2013	9.316666667	-117.6166667
07/06/2013	2129	56	7	6	2013	9.433333333	-116.0333333
07/06/2013	2131	50	7	6	2013	10.16666667	-116.4
08/06/2013	2133	20	8	6	2013	10.83333333	-133.0666667
09/06/2013	2123	100	9	6	2013	18.43333333	-107.4333333
09/06/2013	2137	31	9	6	2013	8.4	-125.7
10/06/2013	2127	61	10	6	2013	11.78333333	-120.3666667
10/06/2013	2131	53	10	6	2013	11.6	-119.1666667
10/06/2013	2133	24	10	6	2013	11.78333333	-134.0833333
10/06/2013	2136	11	10	6	2013	11.16666667	-134.2333333
11/06/2013	2129	59	11	6	2013	19.33333333	-119.2833333
11/06/2013	2137	34	11	6	2013	8.05	-126.3
12/06/2013	2127	64	12	6	2013	9.9	-121.5
12/06/2013	2134	26	12	6	2013	19.53333333	-117.2166667
13/06/2013	2127	67	13	6	2013	10.03333333	-119.6333333
13/06/2013	2134	29	13	6	2013	20.01666667	-118.05
13/06/2013	2136	14	13	6	2013	8.85	-132.2833333
13/06/2013	2137	37	13	6	2013	8.816666667	-128.0166667
13/06/2013	2140	3	13	6	2013	9.95	-127.95
14/06/2013	2129	62	14	6	2013	18.9	-118.4666667
14/06/2013	2133	26	14	6	2013	10.68333333	-132.1166667
16/06/2013	2137	40	16	6	2013	7.783333333	-131.9166667
16/06/2013	2142	2	16	6	2013	24.21666667	-112.3166667
16/06/2013	2143	2	16	6	2013	23.18333333	-107.2666667
17/06/2013	2142	5	17	6	2013	24.03333333	-112.2333333
18/06/2013	2137	43	18	6	2013	5.216666667	-132.8333333
18/06/2013	2140	6	18	6	2013	8.466666667	-136.1666667
19/06/2013	2137	46	19	6	2013	4.733333333	-133.95
20/06/2013	2134	32	20	6	2013	24.08333333	-112.2833333
20/06/2013	2142	8	20	6	2013	24.05	-130.6333333
21/06/2013	2142	11	21	6	2013	23.91666667	-112.15
22/06/2013	2137	49	22	6	2013	5.733333333	-135.4833333
23/06/2013	2140	9	23	6	2013	9.1	-135.8166667
24/06/2013	2136	17	24	6	2013	10.8	-136.9666667
24/06/2013	2137	52	24	6	2013	5.983333333	-134.4
26/06/2013	2136	20	26	6	2013	12.11666667	-135.4166667
27/06/2013	2140	12	27	6	2013	9.166666667	-135.8166667
29/06/2013	2137	55	29	6	2013	11.6	-138.8666667
30/06/2013	2137	58	30	6	2013	12.45	-138.65
30/06/2013	2140	15	30	6	2013	10.86666667	-140.5
01/07/2013	2142	14	1	7	2013	23.85	-112.0833333
03/07/2013	2139	9	3	7	2013	11.85	-127.25
03/07/2013	2140	18	3	7	2013	10.13333333	-142.0333333
04/07/2013	2139	11	4	7	2013	11.61666667	-129.4833333
04/07/2013	2143	6	4	7	2013	12.93333333	-129.7333333
05/07/2013	2140	21	5	7	2013	9.15	-141.7333333
05/07/2013	2143	8	5	7	2013	10.95	-130.45
06/07/2013	2139	14	6	7	2013	11.06666667	-131.5166667
06/07/2013	2142	17	6	7	2013	24.65	-113.6666667
06/07/2013	2143	11	6	7	2013	10.31666667	-130.9833333
07/07/2013	2139	15	7	7	2013	10.25	-132.2
07/07/2013	2142	20	7	7	2013	24.63333333	-113.65
09/07/2013	2140	24	9	7	2013	11.78333333	-132.9666667
10/07/2013	2142	23	10	7	2013	24.58333333	-113.55
10/07/2013	2143	14	10	7	2013	11.68333333	-130.6666667
10/07/2013	2145	2	10	7	2013	18.9	-115.25
11/07/2013	2140	27	11	7	2013	12.25	-134.35
11/07/2013	2142	26	11	7	2013	24.48333333	-113.5333333
11/07/2013	2143	17	11	7	2013	11.55	-130.0333333
12/07/2013	2139	21	12	7	2013	12.11666667	-127.4166667
12/07/2013	2142	32	12	7	2013	24.23333333	-113.2666667
13/07/2013	2142	35	13	7	2013	24.26666667	-113.2333333
13/07/2013	2147	1	13	7	2013	24.3	-113.2166667
14/07/2013	2143	20	14	7	2013	10.21666667	-130.4666667
14/07/2013	2145	5	14	7	2013	12.01666667	-126.5833333
15/07/2013	2139	23	15	7	2013	11.75	-128.15
15/07/2013	2147	3	15	7	2013	20.6	-119.4
16/07/2013	2139	25	16	7	2013	11.96666667	-127.9333333
16/07/2013	2145	8	16	7	2013	11.33333333	-128.2
16/07/2013	2146	2	16	7	2013	19.11666667	-113.25
16/07/2013	2147	6	16	7	2013	20.75	-119.6666667
18/07/2013	2147	9	18	7	2013	20.65	-120.3
19/07/2013	2145	11	19	7	2013	11.1	-130.55
19/07/2013	2149	2	19	7	2013	23.83333333	-113.6
20/07/2013	2143	23	20	7	2013	10.41666667	-123.5166667
21/07/2013	2145	14	21	7	2013	10.95	-131.9166667
22/07/2013	2145	17	22	7	2013	10	-131.4
22/07/2013	2147	12	22	7	2013	20.68333333	-120.3666667
23/07/2013	2148	2	23	7	2013	4.466666667	-99.25
24/07/2013	2145	20	24	7	2013	10.5	-129.9166667
24/07/2013	2150	2	24	7	2013	18.76666667	-114.5
25/07/2013	2143	26	25	7	2013	11.05	-118.15
26/07/2013	2139	34	26	7	2013	10.88333333	-116.4666667
26/07/2013	2148	6	26	7	2013	6.183333333	-96.6
27/07/2013	2139	36	27	7	2013	11.11666667	-115.6333333
27/07/2013	2148	8	27	7	2013	6.483333333	-96.98333333
27/07/2013	2151	2	27	7	2013	11.9	-114.7333333
28/07/2013	2143	29	28	7	2013	11.56666667	-115.1833333
28/07/2013	2145	23	28	7	2013	10.2	-118.6333333
28/07/2013	2147	15	28	7	2013	10.71666667	-117.6333333
28/07/2013	2149	5	28	7	2013	9.783333333	-118.6333333
29/07/2013	2149	8	29	7	2013	9.233333333	-118.8666667
30/07/2013	2145	26	30	7	2013	10.23333333	-119.25
30/07/2013	2148	11	30	7	2013	6.15	-98.1
30/07/2013	2152	5	30	7	2013	21.75	-113.0166667
31/07/2013	2146	6	31	7	2013	17.51666667	-110.0333333
31/07/2013	2147	22	31	7	2013	10.45	-119.3166667
31/07/2013	2148	14	31	7	2013	6.4	-99.86666667
31/07/2013	2150	9	31	7	2013	9.916666667	-118.2666667
01/08/2013	2143	32	1	8	2013	11.05	-118.3333333
01/08/2013	2145	29	1	8	2013	9.916666667	-119.3166667
01/08/2013	2152	9	1	8	2013	24.4	-113.4666667
02/08/2013	2139	39	2	8	2013	17.76666667	-114.3833333
02/08/2013	2146	9	2	8	2013	17.68333333	-114.55
02/08/2013	2150	12	2	8	2013	12.23333333	-114.25
02/08/2013	2153	4	2	8	2013	24.58333333	-113.2333333
03/08/2013	2143	35	3	8	2013	11.81666667	-114.1666667
03/08/2013	2146	12	3	8	2013	18.45	-115.25
03/08/2013	2148	18	3	8	2013	6.5	-99.5
03/08/2013	2150	15	3	8	2013	12.55	-113.9166667
03/08/2013	2151	6	3	8	2013	13.01666667	-119.75
03/08/2013	2153	6	3	8	2013	24.6	-113.3
04/08/2013	2148	20	4	8	2013	6.3	-113.0806667
04/08/2013	2153	8	4	8	2013	24.38333333	-113.2333333
05/08/2013	2145	32	5	8	2013	11.75	-115.3833333
05/08/2013	2146	15	5	8	2013	18.73333333	-114.9333333
05/08/2013	2150	18	5	8	2013	16.53333333	-111.5166667
06/08/2013	2143	38	6	8	2013	17.41666667	-113.8666667
06/08/2013	2146	18	6	8	2013	19.33333333	-114.65
06/08/2013	2153	12	6	8	2013	24.43333333	-113.1166667
07/08/2013	2150	21	7	8	2013	18.23333333	-112.9
07/08/2013	2155	3	7	8	2013	24.3	-113.2666667
08/08/2013	2146	21	8	8	2013	18.9	-115.0666667
08/08/2013	2148	24	8	8	2013	5.866666667	-98.48333333
08/08/2013	2150	24	8	8	2013	18.4	-111.5166667
08/08/2013	2153	15	8	8	2013	24.56666667	-113.2166667
09/08/2013	2143	42	9	8	2013	24.4	-113.35
09/08/2013	2145	35	9	8	2013	18.25	-112.7166667
09/08/2013	2147	25	9	8	2013	18.5	-114.25
09/08/2013	2148	26	9	8	2013	5.416666667	-98.85
10/08/2013	2149	17	10	8	2013	18.15	-115
10/08/2013	2151	13	10	8	2013	24.35	-113.5166667
10/08/2013	2153	17	10	8	2013	24.33333333	-113.45
10/08/2013	2157	2	10	8	2013	24.6	-108.7666667
11/08/2013	2145	38	11	8	2013	16.78333333	-114.3833333
11/08/2013	2147	28	11	8	2013	17.23333333	-114.5
11/08/2013	2150	27	11	8	2013	17.18333333	-113.8333333
12/08/2013	2143	47	12	8	2013	24.6	-113.4333333
13/08/2013	2143	50	13	8	2013	24.66666667	-113.4166667
13/08/2013	2149	20	13	8	2013	19.23333333	-115.25
13/08/2013	2153	21	13	8	2013	24.6	-113.5
14/08/2013	2143	53	14	8	2013	24.48333333	-113.25
14/08/2013	2151	20	14	8	2013	24.5	-113.4333333
14/08/2013	2153	23	14	8	2013	24.46666667	-113.2166667
14/08/2013	2156	14	14	8	2013	24.48333333	-113.2666667
15/08/2013	2145	41	15	8	2013	22.48333333	-114.45
15/08/2013	2148	31	15	8	2013	6.2	-96.31666667
15/08/2013	2148	32	15	8	2013	5.85	-96.65
15/08/2013	2151	21	15	8	2013	24.41666667	-113.25
15/08/2013	2152	23	15	8	2013	24.45	-113.2833333
15/08/2013	2156	17	15	8	2013	24.46666667	-113.2
15/08/2013	2159	1	15	8	2013	14.38333333	-93.13333333
16/08/2013	2149	23	16	8	2013	21.71666667	-119.95
16/08/2013	2152	24	16	8	2013	23.4	-111.15
17/08/2013	2150	30	17	8	2013	23.4	-111.15
17/08/2013	2159	5	17	8	2013	14.08333333	-92.65
18/08/2013	2146	24	18	8	2013	9.516666667	-130.3833333
18/08/2013	2149	26	18	8	2013	20.7	-122.2333333
18/08/2013	2155	17	18	8	2013	23.05	-111.4333333
18/08/2013	2156	26	18	8	2013	23.91666667	-111.5333333
18/08/2013	2158	2	18	8	2013	9.866666667	-130.7166667
18/08/2013	2160	2	18	8	2013	23.1	-110.95
19/08/2013	2143	58	19	8	2013	23	-111.0166667
19/08/2013	2147	35	19	8	2013	22.98333333	-111.4833333
19/08/2013	2147	36	19	8	2013	22.95	-111.5166667
19/08/2013	2153	29	19	8	2013	22.96666667	-111.5166667
19/08/2013	2155	19	19	8	2013	23.01666667	-111.6166667
19/08/2013	2155	21	19	8	2013	22.98333333	-111.85
19/08/2013	2159	6	19	8	2013	14.28333333	-93.06666667
20/08/2013	2147	39	20	8	2013	23.05	-110.9
20/08/2013	2148	36	20	8	2013	6.483333333	-96.36666667
20/08/2013	2150	33	20	8	2013	22.75	-110.8333333
20/08/2013	2159	8	20	8	2013	14.08333333	-92.73333333
21/08/2013	2146	27	21	8	2013	11.13333333	-133.85
21/08/2013	2149	29	21	8	2013	21.05	-121.45
21/08/2013	2159	10	21	8	2013	14.43333333	-93.16666667
21/08/2013	2159	11	21	8	2013	14.46666667	-93.36666667
21/08/2013	2160	5	21	8	2013	23.05	-111.5333333
22/08/2013	2143	60	22	8	2013	22	-106.3666667
22/08/2013	2148	38	22	8	2013	6.616666667	-93.86666667
22/08/2013	2155	24	22	8	2013	24.83333333	-113.7
22/08/2013	2160	9	22	8	2013	24.61666667	-113.5666667
25/08/2013	2146	30	25	8	2013	9.766666667	-128.95
27/08/2013	2148	43	27	8	2013	13.75	-93.16666667
27/08/2013	2157	11	27	8	2013	24.88333333	-109.6833333
28/08/2013	2159	15	28	8	2013	14.13333333	-92.6
30/08/2013	2157	14	30	8	2013	25.98333333	-109.9333333
30/08/2013	2158	5	30	8	2013	9.933333333	-120.4666667
30/08/2013	2159	19	30	8	2013	14.5	-93.65
30/08/2013	2159	20	30	8	2013	14.65	-93.66666667
01/09/2013	2146	33	1	9	2013	12.71666667	-120.1833333
01/09/2013	2157	17	1	9	2013	25.96666667	-110.2166667
02/09/2013	2146	36	2	9	2013	13.2	-120.5
02/09/2013	2163	1	2	9	2013	11.63333333	-96.16666667
03/09/2013	2150	44	3	9	2013	24.85	-112.8666667
03/09/2013	2158	8	3	9	2013	12.86666667	-119.4666667
04/09/2013	2157	26	4	9	2013	26.3	-110.0166667
04/09/2013	2158	11	4	9	2013	13.63333333	-119.5666667
05/09/2013	2147	49	5	9	2013	23.91666667	-109.3333333
05/09/2013	2150	47	5	9	2013	24.25	-109.6
05/09/2013	2157	29	5	9	2013	25.43333333	-110.1
05/09/2013	2158	14	5	9	2013	14.93333333	-119.9
05/09/2013	2163	3	5	9	2013	9.066666667	-101.4333333
06/09/2013	2146	39	6	9	2013	12.83333333	-123.1
06/09/2013	2150	50	6	9	2013	26.65	-110.8166667
06/09/2013	2158	17	6	9	2013	14.33333333	-118.6333333
06/09/2013	2159	24	6	9	2013	15.35	-102.7166667
07/09/2013	2147	52	7	9	2013	26.1	-110.1166667
08/09/2013	2149	41	8	9	2013	20.16666667	-121.65
08/09/2013	2150	53	8	9	2013	25.03333333	-110.3666667
08/09/2013	2151	49	8	9	2013	13.16666667	-119.0666667
08/09/2013	2157	32	8	9	2013	25.38333333	-110
08/09/2013	2159	27	8	9	2013	15.43333333	-102.9166667
09/09/2013	2146	42	9	9	2013	13.61666667	-130.8833333
09/09/2013	2147	57	9	9	2013	25.13333333	-110.0166667
09/09/2013	2166	2	9	9	2013	16.43333333	-114.1166667
10/09/2013	2149	44	10	9	2013	18.55	-121.4833333
10/09/2013	2158	20	10	9	2013	13.15	-117.25
10/09/2013	2160	23	10	9	2013	16.78333333	-117.4833333
10/09/2013	2164	2	10	9	2013	15.43333333	-116.8333333
10/09/2013	2165	2	10	9	2013	15.11666667	-111.55
11/09/2013	2146	45	11	9	2013	13.18333333	-120.95
11/09/2013	2147	61	11	9	2013	24.5	-109.4166667
11/09/2013	2158	23	11	9	2013	13.46666667	-117.6166667
11/09/2013	2166	5	11	9	2013	14.05	-120.3666667
12/09/2013	2147	64	12	9	2013	24.06666667	-109.1833333
12/09/2013	2157	41	12	9	2013	27.21666667	-111.65
12/09/2013	2158	26	12	9	2013	13.21666667	-119.15
12/09/2013	2162	7	12	9	2013	24.15	-108.9333333
12/09/2013	2164	5	12	9	2013	12.73333333	-120.8333333
13/09/2013	2150	62	13	9	2013	25.56666667	-110.3666667
13/09/2013	2153	45	13	9	2013	12.58333333	-121.2
13/09/2013	2157	44	13	9	2013	27.35	-110.9333333
13/09/2013	2166	8	13	9	2013	13.2	-120.6
14/09/2013	2160	26	14	9	2013	24.28333333	-109.4
14/09/2013	2162	11	14	9	2013	23.5	-108.9166667
14/09/2013	2163	7	14	9	2013	12.76666667	-114.0166667
15/09/2013	2146	48	15	9	2013	13.35	-116.5666667
15/09/2013	2147	68	15	9	2013	23.56666667	-108.4166667
15/09/2013	2158	29	15	9	2013	12.28333333	-115.8833333
15/09/2013	2164	8	15	9	2013	11.93333333	-116.45
16/09/2013	2167	2	16	9	2013	13.75	-115.1833333
17/09/2013	2153	47	17	9	2013	11.53333333	-114.5333333
17/09/2013	2158	32	17	9	2013	14.45	-119.4333333
17/09/2013	2159	33	17	9	2013	14.2	-93.05
17/09/2013	2165	5	17	9	2013	11.91666667	-119.4666667
17/09/2013	2166	11	17	9	2013	12.13333333	-121.1333333
18/09/2013	2150	65	18	9	2013	15.33333333	-117.5333333
18/09/2013	2151	60	18	9	2013	10.4	-112.9833333
18/09/2013	2164	12	18	9	2013	11.88333333	-121.2166667
18/09/2013	2165	8	18	9	2013	12.5	-120.6333333
18/09/2013	2166	14	18	9	2013	11.85	-122.2
18/09/2013	2167	5	18	9	2013	13.26666667	-115.5
19/09/2013	2158	35	19	9	2013	13.16666667	-122.8166667
19/09/2013	2161	8	19	9	2013	11.23333333	-109.45
19/09/2013	2163	13	19	9	2013	11.13333333	-110.5
19/09/2013	2164	14	19	9	2013	12.01666667	-122.9833333
20/09/2013	2150	68	20	9	2013	12.85	-117.2333333
20/09/2013	2164	17	20	9	2013	11.98333333	-123.7666667
20/09/2013	2166	17	20	9	2013	13.45	-123.75
20/09/2013	2168	2	20	9	2013	19.43333333	-108.6666667
20/09/2013	2168	5	20	9	2013	10.38333333	-110.4333333
21/09/2013	2153	50	21	9	2013	13.36666667	-108.6833333
21/09/2013	2162	17	21	9	2013	19.65	-110.0333333
21/09/2013	2164	20	21	9	2013	12.06666667	-124.2833333
21/09/2013	2169	2	21	9	2013	19.38333333	-109.3166667
22/09/2013	2150	71	22	9	2013	12.46666667	-115.6666667
22/09/2013	2161	11	22	9	2013	10.98333333	-110.1833333
22/09/2013	2163	15	22	9	2013	11.45	-110.4333333
23/09/2013	2157	53	23	9	2013	22.18333333	-106.4833333
23/09/2013	2166	20	23	9	2013	12.26666667	-123.4833333
23/09/2013	2167	8	23	9	2013	12.71666667	-124.0166667
24/09/2013	2157	56	24	9	2013	23.05	-107.1666667
24/09/2013	2163	17	24	9	2013	9.883333333	-106.8166667
24/09/2013	2170	2	24	9	2013	20.16666667	-110.5833333
25/09/2013	2163	19	25	9	2013	9	-105.6166667
25/09/2013	2164	23	25	9	2013	12.61666667	-122.65
26/09/2013	2150	74	26	9	2013	20.3	-109.9333333
26/09/2013	2157	59	26	9	2013	23.61666667	-107.9166667
26/09/2013	2164	26	26	9	2013	11.86666667	-122.1
26/09/2013	2167	11	26	9	2013	12.05	-123.2666667
26/09/2013	2168	8	26	9	2013	11.61666667	-110.4
26/09/2013	2169	4	26	9	2013	6.966666667	-102.0666667
27/09/2013	2165	11	27	9	2013	8.333333333	-105.3833333
27/09/2013	2166	23	27	9	2013	11.15	-120.1666667
27/09/2013	2169	7	27	9	2013	7	-102.05
28/09/2013	2161	14	28	9	2013	8.233333333	-104.5833333
28/09/2013	2164	29	28	9	2013	10.11666667	-120.9833333
28/09/2013	2166	26	28	9	2013	10.6	-121.0666667
29/09/2013	2167	14	29	9	2013	13.35	-126.6
29/09/2013	2173	2	29	9	2013	11.96666667	-95.23333333
30/09/2013	2161	17	30	9	2013	8.9	-102.2166667
30/09/2013	2163	21	30	9	2013	8.566666667	-102.4666667
30/09/2013	2164	32	30	9	2013	10.9	-121.4333333
30/09/2013	2165	14	30	9	2013	12.1	-109.7333333
30/09/2013	2167	17	30	9	2013	14	-126.6166667
30/09/2013	2168	14	30	9	2013	11.23333333	-110.55
01/10/2013	2164	35	1	10	2013	10.65	-123.3666667
01/10/2013	2166	29	1	10	2013	12.48333333	-124.2333333
01/10/2013	2169	10	1	10	2013	7.05	-102.2166667
01/10/2013	2170	7	1	10	2013	20.1	-111.7333333
01/10/2013	2172	8	1	10	2013	20.66666667	-106.9833333
01/10/2013	2173	4	1	10	2013	10.3	-97.63333333
02/10/2013	2161	20	2	10	2013	9.266666667	-101.05
02/10/2013	2163	25	2	10	2013	9.3	-101.4666667
02/10/2013	2165	17	2	10	2013	12.35	-113.2
02/10/2013	2166	32	2	10	2013	13.33333333	-124.5166667
02/10/2013	2173	7	2	10	2013	10.21666667	-97.4
03/10/2013	2164	38	3	10	2013	13.45	-123.65
03/10/2013	2168	17	3	10	2013	10.08333333	-102.7833333
03/10/2013	2171	2	3	10	2013	9.75	-104.1166667
04/10/2013	2167	20	4	10	2013	12.78333333	-124.25
05/10/2013	2165	20	5	10	2013	12.23333333	-109.5
05/10/2013	2167	23	5	10	2013	12.18333333	-124.8666667
05/10/2013	2169	13	5	10	2013	8.483333333	-102.4166667
05/10/2013	2170	10	5	10	2013	12.9	-103.75
05/10/2013	2172	11	5	10	2013	12.38333333	-100.1166667
06/10/2013	2161	23	6	10	2013	7.433333333	-98.16666667
06/10/2013	2163	29	6	10	2013	7.833333333	-98.5
06/10/2013	2164	41	6	10	2013	11.66666667	-123.2833333
06/10/2013	2168	20	6	10	2013	9.833333333	-103.0166667
06/10/2013	2169	16	6	10	2013	8.266666667	-102.2333333
06/10/2013	2171	5	6	10	2013	10.85	-102.7
06/10/2013	2172	14	6	10	2013	12.11666667	-100.1833333
06/10/2013	2173	9	6	10	2013	12.7	-95.01666667
07/10/2013	2168	23	7	10	2013	8.066666667	-102.3833333
07/10/2013	2169	18	7	10	2013	8.816666667	-101.8333333
07/10/2013	2172	17	7	10	2013	11.96666667	-100.45
08/10/2013	2161	26	8	10	2013	7.083333333	-98.08333333
08/10/2013	2163	31	8	10	2013	7.633333333	-98.03333333
08/10/2013	2164	44	8	10	2013	12.7	-119.75
08/10/2013	2169	20	8	10	2013	8.716666667	-101.8
08/10/2013	2173	12	8	10	2013	10.91666667	-96.25
09/10/2013	2163	33	9	10	2013	7.866666667	-97.9
09/10/2013	2165	23	9	10	2013	8.983333333	-103.4666667
09/10/2013	2172	20	9	10	2013	11.45	-98.95
10/10/2013	2164	47	10	10	2013	13.06666667	-119.9
10/10/2013	2166	36	10	10	2013	12.56666667	-118.7666667
10/10/2013	2169	23	10	10	2013	9.033333333	-101.5
10/10/2013	2170	13	10	10	2013	9	-97.85
10/10/2013	2171	8	10	10	2013	10.96666667	-98.56666667
11/10/2013	2161	29	11	10	2013	7.15	-96.7
11/10/2013	2164	50	11	10	2013	12.13333333	-120.3333333
11/10/2013	2167	29	11	10	2013	12.7	-121.3833333
11/10/2013	2168	26	11	10	2013	10.28333333	-97.73333333
13/10/2013	2168	29	13	10	2013	11.2	-99.1
13/10/2013	2171	11	13	10	2013	12.78333333	-95.56666667
13/10/2013	2173	15	13	10	2013	12.73333333	-95.13333333
14/10/2013	2161	35	14	10	2013	7.233333333	-97.93333333
14/10/2013	2163	39	14	10	2013	7.666666667	-97.68333333
14/10/2013	2166	38	14	10	2013	11.05	-110.7666667
14/10/2013	2167	32	14	10	2013	12.48333333	-113.0833333
14/10/2013	2172	23	14	10	2013	13.31666667	-98.6
14/10/2013	2173	16	14	10	2013	12.76666667	-94.48333333
15/10/2013	2165	26	15	10	2013	11.73333333	-102.65
15/10/2013	2168	32	15	10	2013	12.33333333	-100.2166667
15/10/2013	2170	16	15	10	2013	13.28333333	-97.51666667
15/10/2013	2173	17	15	10	2013	12.81666667	-94.86666667
16/10/2013	2164	53	16	10	2013	15.28333333	-126.8333333
16/10/2013	2167	35	16	10	2013	13.61666667	-127.45
16/10/2013	2170	19	16	10	2013	14.1	-97.35
16/10/2013	2171	14	16	10	2013	13.2	-98.11666667
16/10/2013	2172	26	16	10	2013	13.06666667	-100.15
16/10/2013	2175	2	16	10	2013	6.983333333	-97.83333333
16/10/2013	2176	3	16	10	2013	14.76666667	-94.03333333
17/10/2013	2165	29	17	10	2013	12.01666667	-101.1166667
17/10/2013	2167	38	17	10	2013	13.56666667	-125.8166667
17/10/2013	2168	35	17	10	2013	12.13333333	-99.71666667
18/10/2013	2164	56	18	10	2013	13.21666667	-127.1166667
18/10/2013	2166	41	18	10	2013	12.91666667	-121.2666667
18/10/2013	2168	38	18	10	2013	12.05	-99.95
18/10/2013	2171	17	18	10	2013	12.61666667	-102.3333333
19/10/2013	2164	59	19	10	2013	11.6	-125.7333333
19/10/2013	2165	32	19	10	2013	12.71666667	-103.2166667
19/10/2013	2166	44	19	10	2013	11.66666667	-125.2833333
20/10/2013	2167	41	20	10	2013	12.63333333	-125.7
21/10/2013	2168	41	21	10	2013	8.033333333	-99.76666667
21/10/2013	2172	29	21	10	2013	20.53333333	-109.2
22/10/2013	2166	47	22	10	2013	10.85	-129.8
23/10/2013	2164	62	23	10	2013	10.88333333	-129.8
23/10/2013	2172	32	23	10	2013	21.03333333	-111.9333333
23/10/2013	2173	23	23	10	2013	10.68333333	-109.4833333
23/10/2013	2178	2	23	10	2013	17.23333333	-114.65
24/10/2013	2167	45	24	10	2013	12.26666667	-128.5166667
24/10/2013	2170	23	24	10	2013	23.98333333	-108.8
25/10/2013	2165	35	25	10	2013	8.316666667	-101.8666667
25/10/2013	2175	5	25	10	2013	9.333333333	-98.28333333
26/10/2013	2164	65	26	10	2013	11.15	-127.6666667
26/10/2013	2170	26	26	10	2013	23.8	-108.3833333
26/10/2013	2178	5	26	10	2013	19.91666667	-111.6666667
27/10/2013	2166	50	27	10	2013	9.55	-125.9
27/10/2013	2178	8	27	10	2013	20.01666667	-110.9
28/10/2013	2164	68	28	10	2013	10.33333333	-125.4166667
28/10/2013	2167	47	28	10	2013	11.25	-126.1166667
28/10/2013	2170	30	28	10	2013	23.91666667	-108.5333333
28/10/2013	2172	38	28	10	2013	25.6	-109.7833333
29/10/2013	2165	38	29	10	2013	12.4	-100.8666667
29/10/2013	2166	53	29	10	2013	9.733333333	-123.5833333
29/10/2013	2167	50	29	10	2013	10.8	-126.6666667
29/10/2013	2168	47	29	10	2013	9.183333333	-99.53333333
29/10/2013	2178	11	29	10	2013	19.03333333	-110.4
30/10/2013	2161	41	30	10	2013	10	-122.55
30/10/2013	2170	34	30	10	2013	23.68333333	-108.5
30/10/2013	2173	29	30	10	2013	10.43333333	-120.25
31/10/2013	2166	56	31	10	2013	9.016666667	-121.8166667
31/10/2013	2167	53	31	10	2013	12.48333333	-127.55
31/10/2013	2173	30	31	10	2013	10.81666667	-119.7166667
31/10/2013	2178	14	31	10	2013	18.88333333	-110.25
01/11/2013	2170	37	1	11	2013	24.2	-108.6
01/11/2013	2172	41	1	11	2013	22.5	-106.7333333
02/11/2013	2161	47	2	11	2013	9.983333333	-121.3
02/11/2013	2167	56	2	11	2013	12.25	-129.2
02/11/2013	2168	50	2	11	2013	14.91666667	-104.0666667
02/11/2013	2171	20	2	11	2013	10.21666667	-120.1166667
02/11/2013	2173	33	2	11	2013	9.733333333	-119.4
02/11/2013	2178	17	2	11	2013	18.16666667	-114.3666667
03/11/2013	2173	34	3	11	2013	9.95	-119.7666667
03/11/2013	2173	35	3	11	2013	9.7	-119.5333333
04/11/2013	2165	41	4	11	2013	17.91666667	-109.3
04/11/2013	2173	37	4	11	2013	10.65	-119.4333333
05/11/2013	2167	59	5	11	2013	9.566666667	-121.1833333
05/11/2013	2168	53	5	11	2013	15.06666667	-107.0333333
05/11/2013	2170	40	5	11	2013	23.88333333	-108.3833333
05/11/2013	2178	20	5	11	2013	18.76666667	-110.6166667
06/11/2013	2167	62	6	11	2013	10.01666667	-120.7
07/11/2013	2170	43	7	11	2013	23.93333333	-112
07/11/2013	2172	44	7	11	2013	19.66666667	-109.9333333
07/11/2013	2173	40	7	11	2013	12.18333333	-118.8833333
07/11/2013	2175	14	7	11	2013	6.933333333	-96.85
08/11/2013	2168	56	8	11	2013	11.15	-110.3166667
08/11/2013	2173	41	8	11	2013	12.1	-115.9333333
08/11/2013	2175	17	8	11	2013	6.75	-96.83333333
08/11/2013	2176	12	8	11	2013	6.566666667	-92.75
09/11/2013	2170	46	9	11	2013	23.36666667	-112.95
09/11/2013	2172	47	9	11	2013	20.81666667	-111.4
09/11/2013	2178	23	9	11	2013	20.56666667	-110.9833333
10/11/2013	2168	59	10	11	2013	11.66666667	-109.3
10/11/2013	2171	23	10	11	2013	18.36666667	-114.9833333
11/11/2013	2167	65	11	11	2013	16.48333333	-111.6833333
11/11/2013	2171	26	11	11	2013	18.43333333	-114.4166667
11/11/2013	2172	50	11	11	2013	19.7	-109.3833333
12/11/2013	2168	62	12	11	2013	15.61666667	-106.4
12/11/2013	2170	49	12	11	2013	23.83333333	-112.2166667
12/11/2013	2173	44	12	11	2013	10.1	-109.3666667
12/11/2013	2175	20	12	11	2013	5.383333333	-90.71666667
12/11/2013	2178	26	12	11	2013	19.26666667	-108.6666667
13/11/2013	2171	29	13	11	2013	20	-112.35
13/11/2013	2172	53	13	11	2013	20.95	-108.8833333
14/11/2013	2178	24	14	11	2013	15.18333333	-102.6
15/11/2013	2172	56	15	11	2013	23.5	-111.9166667
16/11/2013	2171	32	16	11	2013	19.51666667	-110.6666667
17/11/2013	2172	59	17	11	2013	24.26666667	-112.5166667
19/01/2014	2212	8	19	1	2014	4.833333333	-130.4833333
12/03/2014	2206	2	12	3	2014	13.38333333	-116.3833333
21/03/2014	2205	2	21	3	2014	17.31666667	-107.0166667
22/03/2014	2207	2	22	3	2014	16.35	-112.9333333
23/03/2014	2204	2	23	3	2014	10.3	-109.45
23/03/2014	2204	3	23	3	2014	10.26666667	-109.4833333
23/03/2014	2207	5	23	3	2014	15.31666667	-113.7166667
24/03/2014	2205	5	24	3	2014	13.65	-109.95
25/03/2014	2205	8	25	3	2014	16.36666667	-107.6833333
25/03/2014	2206	5	25	3	2014	13.6	-116.8333333
26/03/2014	2207	11	26	3	2014	14.35	-114.5166667
27/03/2014	2205	11	27	3	2014	15.98333333	-107.4833333
27/03/2014	2206	8	27	3	2014	12.85	-117.5166667
27/03/2014	2207	14	27	3	2014	14.15	-113.6333333
28/03/2014	2205	14	28	3	2014	15.9	-106.65
29/03/2014	2204	7	29	3	2014	13.91666667	-101.4166667
29/03/2014	2205	17	29	3	2014	16.46666667	-106.5333333
29/03/2014	2206	11	29	3	2014	12.61666667	-118.05
29/03/2014	2207	17	29	3	2014	14.76666667	-113.4166667
30/03/2014	2204	9	30	3	2014	13.88333333	-101.9666667
30/03/2014	2206	14	30	3	2014	13.73333333	-117.0166667
30/03/2014	2207	20	30	3	2014	15.61666667	-113.1333333
30/03/2014	2209	5	30	3	2014	16.36666667	-106.6166667
31/03/2014	2205	20	31	3	2014	16.16666667	-105.4833333
31/03/2014	2210	2	31	3	2014	5.683333333	-119.3
01/04/2014	2205	23	1	4	2014	16.31666667	-105.2666667
01/04/2014	2206	17	1	4	2014	13.58333333	-115.8833333
01/04/2014	2207	23	1	4	2014	14.38333333	-113.75
01/04/2014	2209	8	1	4	2014	16.26666667	-108.7166667
02/04/2014	2206	23	2	4	2014	4.45	-123.0166667
02/04/2014	2209	11	2	4	2014	16.41666667	-108.4166667
02/04/2014	2210	5	2	4	2014	5.35	-122.2833333
03/04/2014	2204	16	3	4	2014	16.53333333	-106.4166667
03/04/2014	2205	26	3	4	2014	16.3	-105.8833333
03/04/2014	2207	26	3	4	2014	15.5	-110.4166667
04/04/2014	2209	14	4	4	2014	16.3	-108.55
04/04/2014	2210	8	4	4	2014	5.016666667	-124.05
05/04/2014	2206	20	5	4	2014	4.8	-120.4666667
05/04/2014	2207	29	5	4	2014	15.7	-107.3333333
06/04/2014	2204	18	6	4	2014	16.71666667	-108.6166667
06/04/2014	2205	29	6	4	2014	16.66666667	-102.5833333
06/04/2014	2210	11	6	4	2014	5.466666667	-126.8666667
07/04/2014	2204	21	7	4	2014	17.35	-108.1
07/04/2014	2209	20	7	4	2014	14.36666667	-113.75
08/04/2014	2204	23	8	4	2014	17.06666667	-107.9166667
08/04/2014	2205	32	8	4	2014	17.03333333	-104.45
08/04/2014	2207	32	8	4	2014	12.61666667	-117.0166667
08/04/2014	2211	3	8	4	2014	22.98333333	-110.6833333
09/04/2014	2205	35	9	4	2014	16.95	-106.9166667
09/04/2014	2206	26	9	4	2014	5.7	-123.7
10/04/2014	2204	27	10	4	2014	16.98333333	-107.65
10/04/2014	2205	38	10	4	2014	16.43333333	-109.25
10/04/2014	2210	17	10	4	2014	6.733333333	-126.9666667
11/04/2014	2204	31	11	4	2014	16.73333333	-107.2833333
11/04/2014	2206	29	11	4	2014	5.416666667	-127.85
11/04/2014	2207	35	11	4	2014	7.883333333	-126.05
11/04/2014	2209	23	11	4	2014	6.866666667	-126.85
12/04/2014	2205	41	12	4	2014	15.96666667	-109.5
12/04/2014	2210	20	12	4	2014	5.45	-130.5166667
13/04/2014	2205	44	13	4	2014	15.2	-108.3
13/04/2014	2212	2	13	4	2014	6.85	-120.7666667
14/04/2014	2204	33	14	4	2014	16.83333333	-110.3333333
14/04/2014	2207	38	14	4	2014	5.166666667	-130.0333333
14/04/2014	2209	26	14	4	2014	5.883333333	-130.85
15/04/2014	2205	47	15	4	2014	17.55	-110.5166667
15/04/2014	2206	32	15	4	2014	4.35	-123.65
15/04/2014	2210	23	15	4	2014	5.35	-134.2
15/04/2014	2213	2	15	4	2014	18.61666667	-109.6333333
16/04/2014	2205	50	16	4	2014	17.75	-110.6833333
16/04/2014	2207	41	16	4	2014	4.533333333	-132.8333333
16/04/2014	2209	29	16	4	2014	4.916666667	-133.3333333
16/04/2014	2211	6	16	4	2014	3.683333333	-136.5
16/04/2014	2212	5	16	4	2014	3.65	-130.65
17/04/2014	2204	38	17	4	2014	17.2	-110.6833333
17/04/2014	2210	26	17	4	2014	3.166666667	-134.2333333
17/04/2014	2213	5	17	4	2014	17.56666667	-110.0166667
18/04/2014	2209	32	18	4	2014	5.216666667	-133.1833333
18/04/2014	2213	8	18	4	2014	17.95	-109.9833333
19/04/2014	2204	41	19	4	2014	17.66666667	-110.4333333
19/04/2014	2206	35	19	4	2014	9.533333333	-119.0666667
19/04/2014	2207	44	19	4	2014	5.933333333	-132.05
19/04/2014	2215	5	19	4	2014	18.48333333	-110.3333333
20/04/2014	2204	45	20	4	2014	17.13333333	-111.3
20/04/2014	2210	29	20	4	2014	5.683333333	-128.55
21/04/2014	2207	47	21	4	2014	6.8	-128.0833333
21/04/2014	2209	35	21	4	2014	6.383333333	-126.2166667
21/04/2014	2210	32	21	4	2014	6.533333333	-126.8333333
21/04/2014	2211	9	21	4	2014	6.483333333	-125.25
21/04/2014	2212	11	21	4	2014	6.316666667	-125.6166667
22/04/2014	2204	48	22	4	2014	16.83333333	-109.4833333
23/04/2014	2206	38	23	4	2014	15.91666667	-109.5666667
23/04/2014	2207	50	23	4	2014	6.216666667	-124.6166667
23/04/2014	2209	38	23	4	2014	5.816666667	-124.9166667
23/04/2014	2210	35	23	4	2014	6.933333333	-124.6666667
23/04/2014	2211	12	23	4	2014	6.166666667	-122.95
23/04/2014	2212	14	23	4	2014	5.866666667	-124.55
23/04/2014	2213	16	23	4	2014	16.88333333	-113.2333333
24/04/2014	2207	53	24	4	2014	4.733333333	-123.5
24/04/2014	2209	41	24	4	2014	4.466666667	-124.4333333
24/04/2014	2211	15	24	4	2014	6.216666667	-122.2833333
25/04/2014	2204	54	25	4	2014	16.76666667	-107.85
25/04/2014	2206	41	25	4	2014	16.05	-106.6
25/04/2014	2210	38	25	4	2014	6.966666667	-123.3
25/04/2014	2213	19	25	4	2014	18.11666667	-112.8
25/04/2014	2264	56	25	4	2014	5.4	-122.9
26/04/2014	2206	44	26	4	2014	16.6	-105.3833333
26/04/2014	2211	18	26	4	2014	8.4	-124
26/04/2014	2212	17	26	4	2014	7.016666667	-125.5166667
26/04/2014	2213	21	26	4	2014	18.2	-113.0333333
27/04/2014	2207	59	27	4	2014	8.75	-124.4833333
27/04/2014	2209	44	27	4	2014	8.616666667	-125.7333333
27/04/2014	2213	26	27	4	2014	17.66666667	-106.1166667
27/04/2014	2216	2	27	4	2014	18.38333333	-104.4
28/04/2014	2213	24	28	4	2014	17.85	-107.3833333
29/04/2014	2216	5	29	4	2014	17.66666667	-104.1166667
30/04/2014	2209	47	30	4	2014	10.35	-125.8
30/04/2014	2210	42	30	4	2014	16.8	-110.35
30/04/2014	2211	21	30	4	2014	12.08333333	-126.7166667
30/04/2014	2216	8	30	4	2014	17.7	-104.3
01/05/2014	2209	50	1	5	2014	11.71666667	-125.3666667
01/05/2014	2215	20	1	5	2014	24.53333333	-112.6833333
01/05/2014	2216	11	1	5	2014	17.71666667	-104.3666667
01/05/2014	2217	2	1	5	2014	18.23333333	-104.6333333
02/05/2014	2211	24	2	5	2014	12.66666667	-124.4
02/05/2014	2212	20	2	5	2014	8.783333333	-124.7666667
02/05/2014	2215	23	2	5	2014	24.53333333	-112.9
02/05/2014	2217	5	2	5	2014	17.95	-104.55
03/05/2014	2215	26	3	5	2014	24.41666667	-112.8666667
03/05/2014	2216	14	3	5	2014	18	-105.3833333
04/05/2014	2211	27	4	5	2014	12.66666667	-122.1833333
04/05/2014	2212	23	4	5	2014	9.916666667	-124.0666667
04/05/2014	2215	29	4	5	2014	24.63333333	-112.7666667
04/05/2014	2216	17	4	5	2014	18.18333333	-106.8833333
06/05/2014	2211	30	6	5	2014	11.86666667	-120.55
06/05/2014	2216	20	6	5	2014	17.53333333	-110.0833333
07/05/2014	2212	26	7	5	2014	11.46666667	-120.95
09/05/2014	2215	32	9	5	2014	20.18333333	-107.1666667
10/05/2014	2215	35	10	5	2014	20.05	-107.15
12/05/2014	2211	33	12	5	2014	8.95	-126.2833333
12/05/2014	2215	38	12	5	2014	19	-108.45
12/05/2014	2217	9	12	5	2014	9.883333333	-131.8666667
13/05/2014	2212	29	13	5	2014	11.56666667	-126.5333333
13/05/2014	2217	11	13	5	2014	9.616666667	-133.4666667
13/05/2014	2220	2	13	5	2014	18.31666667	-110.1666667
14/05/2014	2211	36	14	5	2014	11.71666667	-123.3
14/05/2014	2219	4	14	5	2014	19.03333333	-107.6833333
16/05/2014	2215	44	16	5	2014	19.13333333	-107.9666667
16/05/2014	2218	9	16	5	2014	20.1	-113.7666667
16/05/2014	2219	7	16	5	2014	18.38333333	-112.3666667
17/05/2014	2211	39	17	5	2014	13.8	-120.8166667
17/05/2014	2219	10	17	5	2014	18.46666667	-113.35
17/05/2014	2220	5	17	5	2014	13.46666667	-123.05
17/05/2014	2221	3	17	5	2014	19.33333333	-109.65
17/05/2014	2222	2	17	5	2014	20.13333333	-112.9166667
18/05/2014	2212	35	18	5	2014	13.51666667	-121.5166667
18/05/2014	2217	14	18	5	2014	9.8	-139.5666667
18/05/2014	2221	5	18	5	2014	17.95	-113.4
19/05/2014	2211	42	19	5	2014	18.93333333	-119.8
19/05/2014	2215	47	19	5	2014	18.95	-113.8
19/05/2014	2219	13	19	5	2014	18.21666667	-115.1666667
19/05/2014	2222	5	19	5	2014	19.4	-114.4
19/05/2014	2223	3	19	5	2014	18.4	-112.4833333
20/05/2014	2212	38	20	5	2014	16.1	-118.5666667
20/05/2014	2218	14	20	5	2014	19.03333333	-117.0833333
20/05/2014	2219	16	20	5	2014	18.13333333	-115.35
20/05/2014	2221	8	20	5	2014	18.81666667	-115.2
20/05/2014	2222	8	20	5	2014	18.1	-116.2
20/05/2014	2223	7	20	5	2014	18.03333333	-115.1
21/05/2014	2215	50	21	5	2014	19.75	-116.2833333
21/05/2014	2221	11	21	5	2014	19.53333333	-116.7333333
21/05/2014	2222	11	21	5	2014	21.15	-116.6833333
22/05/2014	2211	46	22	5	2014	18.96666667	-113.6166667
22/05/2014	2217	17	22	5	2014	8.3	-137.7166667
23/05/2014	2212	41	23	5	2014	18.2	-109.85
24/05/2014	2215	53	24	5	2014	17.98333333	-107.9833333
24/05/2014	2219	19	24	5	2014	19.45	-108.45
25/05/2014	2212	44	25	5	2014	19.23333333	-107.6666667
25/05/2014	2218	18	25	5	2014	20.26666667	-122.2333333
25/05/2014	2221	14	25	5	2014	20.85	-113.75
25/05/2014	2223	10	25	5	2014	19.73333333	-108.2333333
26/05/2014	2211	49	26	5	2014	20.16666667	-106.8
26/05/2014	2220	8	26	5	2014	11.06666667	-138.2666667
26/05/2014	2222	14	26	5	2014	20	-116.0166667
27/05/2014	2211	52	27	5	2014	19.61666667	-106.5
27/05/2014	2215	56	27	5	2014	20.31666667	-106.6333333
27/05/2014	2217	20	27	5	2014	9.633333333	-138.85
27/05/2014	2221	17	27	5	2014	20.8	-116
27/05/2014	2223	14	27	5	2014	20.66666667	-110.7
28/05/2014	2211	55	28	5	2014	19.08333333	-106.0666667
28/05/2014	2212	47	28	5	2014	13.81666667	-96.2
28/05/2014	2217	21	28	5	2014	9.566666667	-138.85
28/05/2014	2227	2	28	5	2014	20.45	-111.35
29/05/2014	2212	50	29	5	2014	13.63333333	-96.11666667
29/05/2014	2217	23	29	5	2014	10.83333333	-135.7
29/05/2014	2218	21	29	5	2014	18.78333333	-124.8166667
29/05/2014	2219	27	29	5	2014	19.15	-117.6666667
29/05/2014	2220	14	29	5	2014	11.56666667	-140.5666667
29/05/2014	2221	20	29	5	2014	20.3	-121.6833333
31/05/2014	2222	17	31	5	2014	20	-123.2
02/06/2014	2217	26	2	6	2014	14.71666667	-119.9833333
02/06/2014	2219	30	2	6	2014	15.5	-122.45
02/06/2014	2222	20	2	6	2014	17.53333333	-124.4166667
02/06/2014	2223	17	2	6	2014	16.06666667	-121.4
02/06/2014	2227	3	2	6	2014	12.45	-127.15
02/06/2014	2228	2	2	6	2014	20.06666667	-107.2833333
02/06/2014	2229	1	2	6	2014	23.85	-112.0333333
03/06/2014	2221	23	3	6	2014	15.58333333	-124.95
03/06/2014	2222	23	3	6	2014	16.33333333	-124.6333333
03/06/2014	2227	5	3	6	2014	12.35	-127.8166667
04/06/2014	2219	33	4	6	2014	14.38333333	-125.4833333
04/06/2014	2220	17	4	6	2014	12.33333333	-137
04/06/2014	2222	26	4	6	2014	15.66666667	-125.3833333
04/06/2014	2227	7	4	6	2014	12.25	-128.8
04/06/2014	2228	5	4	6	2014	19.23333333	-109.9333333
04/06/2014	2229	3	4	6	2014	23.41666667	-112.25
05/06/2014	2222	29	5	6	2014	15.86666667	-125.95
05/06/2014	2227	9	5	6	2014	11.78333333	-130.2666667
05/06/2014	2229	5	5	6	2014	23.18333333	-111.9833333
05/06/2014	2230	2	5	6	2014	23.11666667	-111.6833333
06/06/2014	2223	21	6	6	2014	13.18333333	-123.85
06/06/2014	2227	11	6	6	2014	11.15	-130.5
06/06/2014	2230	5	6	6	2014	24	-112.3833333
07/06/2014	2219	36	7	6	2014	13.91666667	-124.3166667
07/06/2014	2221	26	7	6	2014	12.38333333	-126.95
07/06/2014	2228	8	7	6	2014	16.33333333	-115.7166667
08/06/2014	2222	32	8	6	2014	13.71666667	-122.0666667
08/06/2014	2223	24	8	6	2014	13.26666667	-123.0666667
08/06/2014	2225	2	8	6	2014	6.333333333	-122.8833333
08/06/2014	2227	13	8	6	2014	10.95	-132.3166667
09/06/2014	2222	35	9	6	2014	11.3	-122.7666667
09/06/2014	2223	27	9	6	2014	14.16666667	-123.4666667
09/06/2014	2227	15	9	6	2014	10.86666667	-133.4666667
09/06/2014	2229	12	9	6	2014	23.1	-113.6833333
09/06/2014	2230	8	9	6	2014	23.65	-112.4
10/06/2014	2219	39	10	6	2014	11.18333333	-127.1666667
10/06/2014	2221	29	10	6	2014	10.56666667	-132.0833333
10/06/2014	2222	38	10	6	2014	12.35	-124.55
10/06/2014	2223	30	10	6	2014	13.81666667	-123.55
10/06/2014	2228	11	10	6	2014	13.28333333	-122.85
10/06/2014	2230	11	10	6	2014	23.9	-112.1
11/06/2014	2225	5	11	6	2014	8.9	-129.3333333
11/06/2014	2227	17	11	6	2014	11.48333333	-135.3
12/06/2014	2219	42	12	6	2014	11.51666667	-128.9666667
12/06/2014	2223	33	12	6	2014	13.75	-123.7333333
12/06/2014	2223	34	12	6	2014	13.76666667	-123.75
12/06/2014	2228	14	12	6	2014	12.56666667	-123.7833333
13/06/2014	2221	32	13	6	2014	11.55	-130.3666667
13/06/2014	2222	44	13	6	2014	14.5	-124.3833333
13/06/2014	2225	8	13	6	2014	8.616666667	-131.2833333
13/06/2014	2227	19	13	6	2014	11.71666667	-128
13/06/2014	2232	2	13	6	2014	14.51666667	-93.63333333
14/06/2014	2219	45	14	6	2014	11.43333333	-127.6333333
14/06/2014	2227	21	14	6	2014	12.9	-129
15/06/2014	2221	35	15	6	2014	11.7	-138.2333333
15/06/2014	2223	37	15	6	2014	11.68333333	-123.8833333
16/06/2014	2219	48	16	6	2014	13.26666667	-123.6166667
16/06/2014	2222	47	16	6	2014	17	-122.8
16/06/2014	2227	23	16	6	2014	15.25	-125.6
16/06/2014	2229	22	16	6	2014	24.38333333	-112.2
16/06/2014	2230	14	16	6	2014	22.6	-113.2666667
17/06/2014	2223	40	17	6	2014	16.51666667	-124.6166667
17/06/2014	2228	17	17	6	2014	15.95	-124.5666667
18/06/2014	2230	17	18	6	2014	23.53333333	-113.15
18/06/2014	2232	8	18	6	2014	14.45	-93.25
19/06/2014	2221	38	19	6	2014	12.53333333	-138.5
20/06/2014	2222	50	20	6	2014	17.76666667	-118.4
20/06/2014	2223	43	20	6	2014	18.83333333	-118.8833333
20/06/2014	2232	14	20	6	2014	14.66666667	-93.55
20/06/2014	2236	1	20	6	2014	21.55	-110.1
21/06/2014	2221	41	21	6	2014	12.1	-137.1333333
21/06/2014	2225	11	21	6	2014	9.7	-132
21/06/2014	2236	3	21	6	2014	20.35	-114.25
22/06/2014	2222	53	22	6	2014	16.75	-121.9333333
23/06/2014	2221	44	23	6	2014	12.4	-138.1666667
23/06/2014	2230	20	23	6	2014	23.16666667	-112.55
24/06/2014	2223	46	24	6	2014	12.56666667	-125.6333333
24/06/2014	2237	2	24	6	2014	19.16666667	-116.6666667
25/06/2014	2221	47	25	6	2014	11.51666667	-139.15
25/06/2014	2238	3	25	6	2014	20.61666667	-115.0333333
26/06/2014	2223	49	26	6	2014	11.35	-127.9
26/06/2014	2225	14	26	6	2014	12.13333333	-137.3666667
26/06/2014	2230	23	26	6	2014	22.83333333	-112.7333333
26/06/2014	2237	5	26	6	2014	16.5	-122.1333333
26/06/2014	2238	6	26	6	2014	19.06666667	-115.7166667
27/06/2014	2221	50	27	6	2014	12.31666667	-137.8333333
27/06/2014	2236	5	27	6	2014	12.15	-138.65
27/06/2014	2238	8	27	6	2014	19.55	-116.7
28/06/2014	2225	17	28	6	2014	12.33333333	-138.9166667
28/06/2014	2236	7	28	6	2014	12.51666667	-139.2666667
29/06/2014	2221	53	29	6	2014	10.81666667	-138.2833333
29/06/2014	2223	52	29	6	2014	11.88333333	-128.8333333
29/06/2014	2229	34	29	6	2014	24.51666667	-112.6
30/06/2014	2230	26	30	6	2014	24.68333333	-112.7
01/07/2014	2236	9	1	7	2014	13.65	-134.7833333
01/07/2014	2237	8	1	7	2014	13.65	-127.0333333
02/07/2014	2223	55	2	7	2014	12.65	-130.5666667
03/07/2014	2221	56	3	7	2014	12.95	-129.8
03/07/2014	2230	29	3	7	2014	24.75	-112.8833333
03/07/2014	2236	11	3	7	2014	11.36666667	-136.55
04/07/2014	2232	21	4	7	2014	24.16666667	-112.8166667
04/07/2014	2238	12	4	7	2014	11.9	-126.1666667
04/07/2014	2242	2	4	7	2014	20.96666667	-109.5333333
05/07/2014	2223	58	5	7	2014	11.08333333	-126.6666667
05/07/2014	2225	20	5	7	2014	8.783333333	-133.6
05/07/2014	2238	15	5	7	2014	11.45	-127.2333333
05/07/2014	2242	5	5	7	2014	21.06666667	-109.7166667
06/07/2014	2236	13	6	7	2014	9.833333333	-130.6666667
06/07/2014	2242	8	6	7	2014	20.21666667	-109.5333333
07/07/2014	2223	62	7	7	2014	10.33333333	-125.85
07/07/2014	2238	18	7	7	2014	9.766666667	-125.95
07/07/2014	2242	11	7	7	2014	20.25	-109.6333333
08/07/2014	2230	32	8	7	2014	21.88333333	-112.0666667
09/07/2014	2242	14	9	7	2014	20.81666667	-110.9166667
09/07/2014	2244	2	9	7	2014	14.26666667	-92.86666667
10/07/2014	2230	35	10	7	2014	24.38333333	-112.35
10/07/2014	2232	33	10	7	2014	21.55	-111.2833333
10/07/2014	2236	15	10	7	2014	11.38333333	-126.25
10/07/2014	2242	17	10	7	2014	21.56666667	-111.7333333
11/07/2014	2238	21	11	7	2014	12.26666667	-125.35
11/07/2014	2242	20	11	7	2014	21.41666667	-111.7666667
11/07/2014	2244	5	11	7	2014	14.23333333	-93.58333333
12/07/2014	2246	2	12	7	2014	20.13333333	-107.85
13/07/2014	2225	23	13	7	2014	5.85	-125.7
13/07/2014	2232	39	13	7	2014	20.55	-111.35
13/07/2014	2242	23	13	7	2014	20.38333333	-111.7
13/07/2014	2243	11	13	7	2014	16.18333333	-118.8666667
14/07/2014	2232	42	14	7	2014	20.26666667	-111.45
14/07/2014	2242	26	14	7	2014	19.85	-112.0333333
14/07/2014	2246	5	14	7	2014	20.35	-111.0166667
15/07/2014	2243	14	15	7	2014	19.11666667	-122.8333333
15/07/2014	2246	8	15	7	2014	20.48333333	-112.7166667
16/07/2014	2232	45	16	7	2014	20.63333333	-110.7166667
16/07/2014	2236	49	16	7	2014	20.95	-110.7
16/07/2014	2242	29	16	7	2014	21.05	-111.55
17/07/2014	2230	38	17	7	2014	20.43333333	-111.2833333
17/07/2014	2242	32	17	7	2014	20.03333333	-110.3
18/07/2014	2242	35	18	7	2014	19.78333333	-110.3166667
18/07/2014	2243	17	18	7	2014	22.63333333	-125.3666667
18/07/2014	2244	8	18	7	2014	16.35	-108.1
18/07/2014	2246	11	18	7	2014	16.86666667	-113.6666667
18/07/2014	2247	2	18	7	2014	16.98333333	-113.1333333
18/07/2014	2248	2	18	7	2014	20.38333333	-109.4166667
19/07/2014	2232	48	19	7	2014	11.18333333	-112.1333333
19/07/2014	2236	17	19	7	2014	22.05	-118.9166667
19/07/2014	2247	5	19	7	2014	16.01666667	-114.1833333
20/07/2014	2232	51	20	7	2014	11.3	-112.15
20/07/2014	2242	38	20	7	2014	20.56666667	-110.25
20/07/2014	2244	11	20	7	2014	15.65	-109.2666667
20/07/2014	2246	14	20	7	2014	15.45	-114.45
20/07/2014	2247	8	20	7	2014	15.26666667	-114.8666667
21/07/2014	2236	19	21	7	2014	20.45	-115.2333333
21/07/2014	2243	20	21	7	2014	22.96666667	-125.9833333
22/07/2014	2236	21	22	7	2014	20.18333333	-114.35
22/07/2014	2238	26	22	7	2014	9.6	-123.6666667
22/07/2014	2242	41	22	7	2014	20.36666667	-110.1166667
22/07/2014	2243	23	22	7	2014	23.7	-124.8166667
22/07/2014	2246	18	22	7	2014	15.6	-114.4
22/07/2014	2247	11	22	7	2014	16.8	-111.9
23/07/2014	2232	55	23	7	2014	11.21666667	-110.8666667
23/07/2014	2236	23	23	7	2014	20.23333333	-113.55
23/07/2014	2238	29	23	7	2014	8.816666667	-122.75
23/07/2014	2242	44	23	7	2014	20.76666667	-110.1833333
23/07/2014	2244	14	23	7	2014	11.08333333	-111.4166667
23/07/2014	2248	5	23	7	2014	11.48333333	-111.3833333
24/07/2014	2238	31	24	7	2014	8.933333333	-123.3666667
24/07/2014	2246	21	24	7	2014	16.58333333	-114.0666667
25/07/2014	2242	47	25	7	2014	21.1	-110.0333333
25/07/2014	2244	17	25	7	2014	8.55	-113.15
26/07/2014	2238	34	26	7	2014	8.6	-123.5333333
26/07/2014	2242	50	26	7	2014	21.43333333	-109.9166667
26/07/2014	2243	26	26	7	2014	23.46666667	-125.2333333
26/07/2014	2246	25	26	7	2014	20.26666667	-110.6166667
27/07/2014	2236	29	27	7	2014	22.05	-109.6166667
27/07/2014	2238	36	27	7	2014	7.683333333	-122.85
27/07/2014	2244	20	27	7	2014	9.016666667	-116.3166667
27/07/2014	2248	8	27	7	2014	7.533333333	-114.3833333
29/07/2014	2244	23	29	7	2014	9.15	-117.7
29/07/2014	2246	28	29	7	2014	18.53333333	-114.2833333
30/07/2014	2238	39	30	7	2014	8.15	-120.55
30/07/2014	2248	14	30	7	2014	10.18333333	-120.3
31/07/2014	2236	31	31	7	2014	18.76666667	-112.95
31/07/2014	2243	29	31	7	2014	23.45	-121.35
01/08/2014	2236	33	1	8	2014	18.61666667	-114.1333333
01/08/2014	2243	32	1	8	2014	23.71666667	-121.1666667
02/08/2014	2238	42	2	8	2014	7.1	-119.3166667
02/08/2014	2244	26	2	8	2014	8.45	-120.8
02/08/2014	2246	31	2	8	2014	8.75	-120.45
02/08/2014	2247	20	2	8	2014	8.55	-118.0833333
02/08/2014	2248	17	2	8	2014	7.85	-122.15
03/08/2014	2236	35	3	8	2014	18.3	-112.45
03/08/2014	2247	23	3	8	2014	8.6	-117.7
03/08/2014	2252	2	3	8	2014	20.7	-109.4166667
04/08/2014	2236	37	4	8	2014	17.33333333	-113.6333333
04/08/2014	2238	46	4	8	2014	8.133333333	-119.8
04/08/2014	2244	29	4	8	2014	8.933333333	-121.3
04/08/2014	2246	34	4	8	2014	7.9	-118.6666667
04/08/2014	2248	20	4	8	2014	8.833333333	-119.4
05/08/2014	2238	48	5	8	2014	7.816666667	-119.35
05/08/2014	2252	5	5	8	2014	19.01666667	-113.15
06/08/2014	2236	39	6	8	2014	19.33333333	-114.3
06/08/2014	2244	32	6	8	2014	9.5	-122.2166667
06/08/2014	2246	37	6	8	2014	7.283333333	-119.4833333
07/08/2014	2236	41	7	8	2014	19.15	-114.0666667
07/08/2014	2243	35	7	8	2014	21.21666667	-114.75
07/08/2014	2247	26	7	8	2014	8.416666667	-118.0166667
07/08/2014	2248	24	7	8	2014	10.48333333	-122.9166667
07/08/2014	2251	3	7	8	2014	20.01666667	-112.05
08/08/2014	2238	53	8	8	2014	8.133333333	-119.0166667
08/08/2014	2243	38	8	8	2014	20.61666667	-114.05
08/08/2014	2244	35	8	8	2014	10.18333333	-125.9333333
08/08/2014	2247	24	8	8	2014	9.033333333	-117.6666667
08/08/2014	2252	10	8	8	2014	18.81666667	-112.8
09/08/2014	2247	71	9	8	2014	12.28333333	-99.26666667
09/08/2014	2252	11	9	8	2014	19.68333333	-112.6166667
10/08/2014	2238	56	10	8	2014	9.6	-119.1
10/08/2014	2244	38	10	8	2014	9.366666667	-130.2666667
10/08/2014	2248	27	10	8	2014	14.9	-131.7666667
11/08/2014	2236	43	11	8	2014	16.15	-110.0166667
11/08/2014	2246	40	11	8	2014	10.63333333	-130.95
12/08/2014	2238	60	12	8	2014	11.56666667	-118.8666667
12/08/2014	2248	30	12	8	2014	9.8	-133.1833333
13/08/2014	2244	41	13	8	2014	11.86666667	-131.5833333
14/08/2014	2238	62	14	8	2014	11.96666667	-115
15/08/2014	2247	38	15	8	2014	11.06666667	-112.2666667
16/08/2014	2248	33	16	8	2014	9.2	-134.95
17/08/2014	2246	43	17	8	2014	8.666666667	-129.1
17/08/2014	2248	36	17	8	2014	8.933333333	-136.0833333
18/08/2014	2244	44	18	8	2014	9.783333333	-135.15
18/08/2014	2247	44	18	8	2014	11.3	-111.9833333
20/08/2014	2244	47	20	8	2014	10.3	-135.5
20/08/2014	2246	45	20	8	2014	9.916666667	-124.5833333
20/08/2014	2247	47	20	8	2014	10.68333333	-112.9166667
21/08/2014	2247	50	21	8	2014	11.28333333	-112.45
21/08/2014	2248	39	21	8	2014	9.65	-134.5333333
23/08/2014	2244	50	23	8	2014	10.76666667	-134.4833333
23/08/2014	2247	53	23	8	2014	9.733333333	-112.0666667
24/08/2014	2248	42	24	8	2014	9.566666667	-133.3833333
25/08/2014	2244	53	25	8	2014	11.35	-135.65
26/08/2014	2248	45	26	8	2014	11.3	-135.9833333
27/08/2014	2244	56	27	8	2014	12.73333333	-135.7166667
28/08/2014	2247	56	28	8	2014	10.78333333	-112.1
29/08/2014	2247	59	29	8	2014	10.61666667	-113.35
30/08/2014	2251	10	30	8	2014	18.56666667	-114.5833333
31/08/2014	2241	62	31	8	2014	11.73333333	-113.3333333
31/08/2014	2244	59	31	8	2014	10.98333333	-128.5
31/08/2014	2251	12	31	8	2014	16.25	-114.4166667
01/09/2014	2251	14	1	9	2014	14.06666667	-115.3166667
04/09/2014	2248	51	4	9	2014	12.46666667	-114.35
05/09/2014	2247	65	5	9	2014	10.6	-99.81666667
05/09/2014	2251	17	5	9	2014	14.96666667	-117.0166667
07/09/2014	2247	68	7	9	2014	11.75	-99.4
08/09/2014	2257	2	8	9	2014	19.41666667	-109.4666667
09/09/2014	2248	55	9	9	2014	11.88333333	-100.2
09/09/2014	2251	19	9	9	2014	12.76666667	-119.3333333
09/09/2014	2257	5	9	9	2014	18.13333333	-109.5833333
11/09/2014	2247	74	11	9	2014	11.86666667	-99.38333333
12/09/2014	2247	77	12	9	2014	12.21666667	-99.03333333
12/09/2014	2256	2	12	9	2014	12.15	-99.2
14/09/2014	2256	5	14	9	2014	12.98333333	-98.3
14/09/2014	2257	8	14	9	2014	11.41666667	-103
16/09/2014	2257	11	16	9	2014	11.68333333	-102.65
18/09/2014	2256	8	18	9	2014	12.96666667	-98.21666667
18/09/2014	2257	14	18	9	2014	11.38333333	-102.6333333
18/09/2014	2258	3	18	9	2014	11.7	-101.7833333
18/09/2014	2261	2	18	9	2014	22.85	-116.3666667
20/09/2014	2256	11	20	9	2014	13.41666667	-97.66666667
20/09/2014	2257	17	20	9	2014	11.41666667	-102.9833333
20/09/2014	2258	6	20	9	2014	10.63333333	-102
21/09/2014	2256	14	21	9	2014	12.9	-97.53333333
21/09/2014	2257	20	21	9	2014	11.95	-102.55
21/09/2014	2258	10	21	9	2014	10.28333333	-102.5666667
23/09/2014	2258	13	23	9	2014	10.51666667	-101.4166667
23/09/2014	2261	5	23	9	2014	15.73333333	-122.15
24/09/2014	2256	17	24	9	2014	10.93333333	-98.48333333
24/09/2014	2257	23	24	9	2014	12.23333333	-101.5166667
24/09/2014	2260	2	24	9	2014	12.05	-103.55
25/09/2014	2261	8	25	9	2014	15.63333333	-124.15
25/09/2014	2262	2	25	9	2014	11.6	-103.7
26/09/2014	2256	20	26	9	2014	10.1	-99.18333333
26/09/2014	2257	26	26	9	2014	11.2	-103.9666667
26/09/2014	2258	17	26	9	2014	10.46666667	-102.4166667
26/09/2014	2262	5	26	9	2014	11.68333333	-103.6333333
27/09/2014	2255	11	27	9	2014	14.38333333	-121.2333333
27/09/2014	2256	23	27	9	2014	9.7	-99.28333333
27/09/2014	2263	2	27	9	2014	10.45	-100.75
27/09/2014	2265	2	27	9	2014	12.61666667	-95.5
28/09/2014	2261	11	28	9	2014	12.85	-120.5666667
28/09/2014	2265	5	28	9	2014	11.56666667	-95.5
28/09/2014	2266	2	28	9	2014	10.05	-99.16666667
29/09/2014	2262	8	29	9	2014	11.73333333	-100.25
29/09/2014	2264	2	29	9	2014	18.75	-112
30/09/2014	2255	14	30	9	2014	10.3	-118.2833333
30/09/2014	2260	6	30	9	2014	10.18333333	-116.1833333
30/09/2014	2264	5	30	9	2014	18.26666667	-114.3166667
30/09/2014	2269	2	30	9	2014	16.5	-111.3
01/10/2014	2255	17	1	10	2014	10.48333333	-117.5666667
01/10/2014	2256	26	1	10	2014	9.4	-99.21666667
01/10/2014	2261	14	1	10	2014	10.48333333	-117.9833333
01/10/2014	2263	5	1	10	2014	10.08333333	-99.25
01/10/2014	2265	8	1	10	2014	12.41666667	-95.25
01/10/2014	2270	2	1	10	2014	19.88333333	-111.25
01/10/2014	2271	2	1	10	2014	20.1	-111.5333333
02/10/2014	2255	20	2	10	2014	11.65	-117.0833333
02/10/2014	2256	28	2	10	2014	9.25	-99.23333333
02/10/2014	2266	5	2	10	2014	9.733333333	-99.13333333
02/10/2014	2268	2	2	10	2014	11.81666667	-117.1833333
02/10/2014	2269	5	2	10	2014	12.05	-116.9666667
03/10/2014	2255	23	3	10	2014	11.38333333	-116.7
03/10/2014	2258	21	3	10	2014	10.15	-100.2666667
03/10/2014	2260	11	3	10	2014	11.13333333	-117.75
03/10/2014	2262	11	3	10	2014	8.416666667	-98.2
03/10/2014	2263	8	3	10	2014	9.883333333	-98.78333333
03/10/2014	2264	8	3	10	2014	14.01666667	-115.8333333
03/10/2014	2265	11	3	10	2014	12.7	-98.71666667
03/10/2014	2268	5	3	10	2014	12.23333333	-118.05
04/10/2014	2255	26	4	10	2014	10.98333333	-117.0666667
04/10/2014	2258	24	4	10	2014	10.56666667	-100.5166667
04/10/2014	2260	13	4	10	2014	11.35	-117.45
04/10/2014	2261	17	4	10	2014	12.16666667	-118.4666667
04/10/2014	2266	8	4	10	2014	8.933333333	-99.7
04/10/2014	2267	3	4	10	2014	11.25	-119.0333333
04/10/2014	2269	8	4	10	2014	11.06666667	-118.1166667
04/10/2014	2271	5	4	10	2014	14.25	-115.3833333
05/10/2014	2255	29	5	10	2014	10.18333333	-118.1333333
05/10/2014	2260	17	5	10	2014	11.98333333	-117.1166667
05/10/2014	2261	20	5	10	2014	11.33333333	-119.25
05/10/2014	2262	14	5	10	2014	10.08333333	-99.66666667
05/10/2014	2263	11	5	10	2014	9.7	-101.0166667
05/10/2014	2264	11	5	10	2014	11.06666667	-117.3166667
05/10/2014	2267	5	5	10	2014	11.78333333	-118.3
05/10/2014	2267	7	5	10	2014	11.61666667	-118.2833333
05/10/2014	2270	5	5	10	2014	11.51666667	-118.85
06/10/2014	2256	31	6	10	2014	11.55	-99.33333333
06/10/2014	2263	14	6	10	2014	11.48333333	-99.7
06/10/2014	2266	11	6	10	2014	9.816666667	-99.36666667
06/10/2014	2269	12	6	10	2014	10.3	-117.7833333
06/10/2014	2271	8	6	10	2014	16.21666667	-112.2666667
07/10/2014	2255	32	7	10	2014	10.96666667	-118.0833333
07/10/2014	2258	28	7	10	2014	9.333333333	-105.2166667
07/10/2014	2261	23	7	10	2014	10.98333333	-117.8
07/10/2014	2264	14	7	10	2014	10.61666667	-116.15
07/10/2014	2268	11	7	10	2014	11.03333333	-117.9
07/10/2014	2269	14	7	10	2014	10.7	-120.4833333
08/10/2014	2262	17	8	10	2014	8.85	-103.65
08/10/2014	2263	17	8	10	2014	12.51666667	-100.05
08/10/2014	2267	11	8	10	2014	8.708333333	-119.8333333
08/10/2014	2270	8	8	10	2014	9.7	-119.7833333
09/10/2014	2255	35	9	10	2014	9.716666667	-118.2833333
09/10/2014	2260	24	9	10	2014	10.61666667	-118.2666667
09/10/2014	2262	20	9	10	2014	8.883333333	-103.5833333
09/10/2014	2265	17	9	10	2014	10.21666667	-109.2666667
10/10/2014	2258	31	10	10	2014	10.06666667	-109.1166667
10/10/2014	2267	13	10	10	2014	10.78333333	-118.5666667
10/10/2014	2269	17	10	10	2014	11.4	-117.5333333
11/10/2014	2262	23	11	10	2014	7.683333333	-105.9
11/10/2014	2264	18	11	10	2014	11.78333333	-119.4333333
11/10/2014	2266	17	11	10	2014	11.73333333	-104.3166667
11/10/2014	2267	15	11	10	2014	11.58333333	-119.6166667
11/10/2014	2269	20	11	10	2014	11.55	-120.35
11/10/2014	2271	11	11	10	2014	19.16666667	-112.2666667
12/10/2014	2255	38	12	10	2014	9.6	-118.8
12/10/2014	2258	34	12	10	2014	10.06666667	-109.1833333
12/10/2014	2272	8	12	10	2014	16.75	-114.8333333
13/10/2014	2260	29	13	10	2014	9.966666667	-117.9
13/10/2014	2261	26	13	10	2014	10.91666667	-117.1
13/10/2014	2263	20	13	10	2014	8.783333333	-103.9833333
14/10/2014	2255	42	14	10	2014	9.85	-118.0666667
14/10/2014	2264	20	14	10	2014	13.86666667	-115.5833333
14/10/2014	2270	11	14	10	2014	13.16666667	-131.1833333
15/10/2014	2264	23	15	10	2014	14.81666667	-115.4833333
15/10/2014	2265	23	15	10	2014	15.58333333	-112.3833333
15/10/2014	2266	20	15	10	2014	5.033333333	-104.2
15/10/2014	2267	17	15	10	2014	9.733333333	-132.25
15/10/2014	2271	14	15	10	2014	15.46666667	-114.8666667
16/10/2014	2262	26	16	10	2014	11.88333333	-115.4833333
16/10/2014	2265	26	16	10	2014	15.9	-112.6
16/10/2014	2272	13	16	10	2014	14.33333333	-116.8333333
17/10/2014	2255	45	17	10	2014	12.56666667	-116.3333333
17/10/2014	2266	23	17	10	2014	4.5	-104.45
17/10/2014	2271	17	17	10	2014	16.51666667	-116.1666667
18/10/2014	2255	48	18	10	2014	13.16666667	-117.0333333
18/10/2014	2258	38	18	10	2014	13.43333333	-115.6833333
18/10/2014	2260	35	18	10	2014	7.716666667	-119.55
18/10/2014	2262	29	18	10	2014	13.48333333	-116.8833333
18/10/2014	2264	26	18	10	2014	15.81666667	-115.7
18/10/2014	2267	19	18	10	2014	5.25	-132.8833333
18/10/2014	2269	23	18	10	2014	5.483333333	-133.4833333
19/10/2014	2265	29	19	10	2014	16.01666667	-115.0666667
19/10/2014	2266	26	19	10	2014	4.816666667	-103.8166667
20/10/2014	2255	51	20	10	2014	13.48333333	-116.05
20/10/2014	2261	29	20	10	2014	13.51666667	-121.7333333
20/10/2014	2264	29	20	10	2014	16.58333333	-114.8666667
20/10/2014	2265	32	20	10	2014	15.83333333	-114.3666667
20/10/2014	2267	21	20	10	2014	10.13333333	-128.25
20/10/2014	2269	26	20	10	2014	9.583333333	-131.95
20/10/2014	2270	14	20	10	2014	8.783333333	-131.1833333
20/10/2014	2271	20	20	10	2014	16.35	-114.2166667
21/10/2014	2258	42	21	10	2014	16.46666667	-116.0666667
21/10/2014	2262	32	21	10	2014	15.11666667	-116.2166667
21/10/2014	2267	23	21	10	2014	11.38333333	-128.8333333
21/10/2014	2273	2	21	10	2014	10.06666667	-109.2
22/10/2014	2259	8	22	10	2014	16.45	-112.1333333
22/10/2014	2264	32	22	10	2014	18.81666667	-118.6333333
22/10/2014	2267	25	22	10	2014	10.55	-129.85
22/10/2014	2269	29	22	10	2014	10.16666667	-131.5666667
22/10/2014	2272	17	22	10	2014	17.7	-115.6833333
23/10/2014	2259	9	23	10	2014	19.85	-111.4333333
23/10/2014	2260	41	23	10	2014	15.15	-118.9333333
23/10/2014	2262	35	23	10	2014	15.81666667	-116.35
23/10/2014	2270	17	23	10	2014	14.16666667	-125.0333333
23/10/2014	2271	23	23	10	2014	19.43333333	-111.65
24/10/2014	2259	11	24	10	2014	19.28333333	-111.2833333
24/10/2014	2262	38	24	10	2014	15.96666667	-116.6833333
24/10/2014	2263	23	24	10	2014	10.83333333	-106.55
24/10/2014	2266	29	24	10	2014	5.716666667	-103
24/10/2014	2267	27	24	10	2014	11.7	-131.9833333
24/10/2014	2269	32	24	10	2014	11.43333333	-130.9666667
24/10/2014	2271	26	24	10	2014	20.15	-111.5
24/10/2014	2272	20	24	10	2014	17.53333333	-114.7666667
25/10/2014	2258	45	25	10	2014	18.16666667	-112.4
25/10/2014	2263	26	25	10	2014	11.33333333	-107.0666667
25/10/2014	2267	29	25	10	2014	12.58333333	-132.3
26/10/2014	2259	14	26	10	2014	19.63333333	-110.6
26/10/2014	2260	47	26	10	2014	14.38333333	-119.0333333
26/10/2014	2267	31	26	10	2014	13.33333333	-120.6
26/10/2014	2269	35	26	10	2014	11.86666667	-130.9833333
26/10/2014	2272	23	26	10	2014	17.73333333	-114.85
27/10/2014	2262	41	27	10	2014	12.53333333	-125.35
27/10/2014	2268	23	27	10	2014	12	-125.7333333
27/10/2014	2271	30	27	10	2014	20.13333333	-111.5
28/10/2014	2263	30	28	10	2014	11.2	-106.7166667
29/10/2014	2260	50	29	10	2014	13.2	-122.1
29/10/2014	2263	32	29	10	2014	7.35	-106.7833333
29/10/2014	2265	41	29	10	2014	20.6	-112.5666667
29/10/2014	2266	32	29	10	2014	3.166666667	-104.8333333
30/10/2014	2258	49	30	10	2014	15.7	-111.5
30/10/2014	2259	18	30	10	2014	20.21666667	-111.25
30/10/2014	2262	44	30	10	2014	12.83333333	-124.6
30/10/2014	2265	44	30	10	2014	20.75	-113.2166667
30/10/2014	2267	33	30	10	2014	12.78333333	-121.9
30/10/2014	2271	34	30	10	2014	20.51666667	-112.2166667
30/10/2014	2273	5	30	10	2014	13.3	-126.1833333
31/10/2014	2264	35	31	10	2014	18.91666667	-119.1666667
31/10/2014	2266	35	31	10	2014	3.1	-104.3
31/10/2014	2267	35	31	10	2014	12.65	-120.7333333
31/10/2014	2269	38	31	10	2014	11.66666667	-121
31/10/2014	2271	35	31	10	2014	30.81666667	-112.5666667
31/10/2014	2272	26	31	10	2014	20.9	-113.4
01/11/2014	2258	52	1	11	2014	7.433333333	-111.0833333
01/11/2014	2262	47	1	11	2014	11.51666667	-122.5333333
01/11/2014	2265	47	1	11	2014	21.55	-112.2666667
01/11/2014	2271	38	1	11	2014	21.7	-112.35
02/11/2014	2259	22	2	11	2014	21.7	-113.1
02/11/2014	2263	35	2	11	2014	2.533333333	-105.3
02/11/2014	2267	37	2	11	2014	8.816666667	-116.9833333
02/11/2014	2269	41	2	11	2014	8.7	-119.1333333
03/11/2014	2262	50	3	11	2014	9.783333333	-120.65
03/11/2014	2267	39	3	11	2014	8.516666667	-118.2666667
04/11/2014	2263	38	4	11	2014	2.9	-106.4166667
04/11/2014	2268	29	4	11	2014	10.46666667	-121.4333333
05/11/2014	2258	55	5	11	2014	6.766666667	-112.6
05/11/2014	2270	26	5	11	2014	26.11666667	-110.3166667
06/11/2014	2262	53	6	11	2014	10.21666667	-121.15
06/11/2014	2264	39	6	11	2014	15.38333333	-113.8166667
06/11/2014	2266	38	6	11	2014	4.45	-102.9833333
06/11/2014	2272	29	6	11	2014	21.28333333	-111.6166667
07/11/2014	2259	25	7	11	2014	19.68333333	-110.8333333
07/11/2014	2271	41	7	11	2014	19.66666667	-111.6333333
07/11/2014	2273	8	7	11	2014	16.85	-117.4833333
08/11/2014	2259	29	8	11	2014	20.41666667	-111.1
08/11/2014	2267	43	8	11	2014	17.86666667	-114.2
08/11/2014	2271	44	8	11	2014	20.13333333	-111.7333333
08/11/2014	2272	32	8	11	2014	20.38333333	-111.9
09/11/2014	2263	41	9	11	2014	6.85	-108.3
09/11/2014	2264	41	9	11	2014	20.11666667	-112.9833333
09/11/2014	2267	45	9	11	2014	19.08333333	-112.5
09/11/2014	2269	44	9	11	2014	18.16666667	-113.6
09/11/2014	2273	11	9	11	2014	16.85	-117.4833333
10/11/2014	2262	56	10	11	2014	12.76666667	-124.2833333
10/11/2014	2267	47	10	11	2014	22.05	-112.8833333
10/11/2014	2270	32	10	11	2014	26.51666667	-110.1666667
10/11/2014	2271	47	10	11	2014	21.45	-112.2666667
10/11/2014	2273	13	10	11	2014	16.86666667	-117.4833333
11/11/2014	2259	32	11	11	2014	21.01666667	-113.45
11/11/2014	2262	59	11	11	2014	13.31666667	-125.1166667
11/11/2014	2264	44	11	11	2014	19.85	-113.05
11/11/2014	2266	41	11	11	2014	15.26666667	-108.3666667
11/11/2014	2267	49	11	11	2014	20.43333333	-112.7833333
11/11/2014	2268	32	11	11	2014	18.68333333	-114.7666667
11/11/2014	2272	35	11	11	2014	20.35	-112.9333333
12/11/2014	2263	44	12	11	2014	12.11666667	-108.05
12/11/2014	2270	35	12	11	2014	26.5	-110.1833333
12/11/2014	2271	50	12	11	2014	19.38333333	-112.05
13/11/2014	2258	58	13	11	2014	10.23333333	-96.6
13/11/2014	2259	36	13	11	2014	20.83333333	-113.45
13/11/2014	2264	47	13	11	2014	20.13333333	-113.55
13/11/2014	2265	53	13	11	2014	9.216666667	-97.28333333
14/11/2014	2259	38	14	11	2014	21.1	-113.7166667
14/11/2014	2262	63	14	11	2014	12.48333333	-123.7666667
14/11/2014	2270	38	14	11	2014	26.48333333	-110.2
15/11/2014	2258	61	15	11	2014	8.95	-96.78333333
15/11/2014	2264	50	15	11	2014	19.56666667	-113.8333333
16/11/2014	2270	41	16	11	2014	25.78333333	-110.0166667
16/11/2014	2271	53	16	11	2014	18.81666667	-113.1833333
17/11/2014	2262	65	17	11	2014	18.41666667	-114.2
17/11/2014	2271	56	17	11	2014	18.83333333	-112.8666667
17/11/2014	2272	41	17	11	2014	18.71666667	-113.2166667